0000000000000000000000000000000000000000000000000000000000000000
0000000000000000000000000000000000000000000000000000000000000000
0000000000000000000000111111111100000000000000000000000000000000
0000000000000000000001000000000010000000000000000000000000000000
0000000000000000000000000000000000000000000000000000000000000000
0000000000000000000000000000000000000000000000000000000000000000
0000000000000000000000000000000000000000000000000000000000000000
0000000000000000001000000000000000010000000000000000000000000000
0000000000000000001000000000000000010000000000000000000000000000
0000000000000011111000000000001111111000000000000000000000000000
0000000000000100001000000000010000000100000000000000000000000000
0000000000000100001000000000000000000000000000000000000000000000
0000000000000100001000000000000000000000000000000000000000000000
0000000000000100001000000000000000000000000000000000000000000000
0000000000000000000000000000010000000100000000000000000000000000
0000000000000000000000000000001111111000000000000000000000000000
0000000000000000000000000000000000000000000000000000000000000000
0000000000000100001000000000000000000000000000000000000000000000
0000000000000100001000000000000000000000000000000000000000000000
0000000000000100001000000000000000000000000000000000000000000000
0000000000000100001000000000000000000000000000000000000000000000
0000000000000011111000000000000000000000000000000000000000000000
0000000000000000000000001000010000010000000000000000000000000000
0000000000000000000000001000010000010000000000000000000000000000
0000000000000000000000001000010000010000000000000000000000000000
0000000000000000001000001000010000010000000000000000000000000000
0000000000000000001000001000010000010000000000000000000000000000
0000000000000000001000001000010000010000000000000000000000000000
0000000000000000000100010000001000100000000000000000000000000000
0000000000000000000011100000000111000000000000000000000000000000
0000000000000000000000000000000000000000000000000000000000000000
0000000000000000000000000000000000000000000000000000000000000000
